        0.00        32.00
        5.00        41.00
       10.00        50.00
       15.00        59.00
       20.00        68.00
       25.00        77.00
       30.00        86.00
       35.00        95.00
       40.00       104.00
       45.00       113.00
       50.00       122.00
       55.00       131.00
       60.00       140.00
       65.00       149.00
       70.00       158.00
       75.00       167.00
       80.00       176.00
       85.00       185.00
       90.00       194.00
       95.00       203.00
      100.00       212.00
